 64800         49
   3.1298181803785372     
   1.5858169922190237     
   23.772722907946317     
 64800         49
   3.0509028596195482     
   2.0638128301250180     
   22.784281840456305     
 64800         49
   2.9558107916229246     
   1.9433902346958338     
   22.743209627618583     
 64800         49
   2.9578021776694658     
   1.9485091937250372     
   22.739467010149689     
 64800         49
   3.1906766451389439     
   1.6045123264203194     
   23.886965672558159     
 64800         49
   3.0689120503488292     
   2.1224581113153533     
   22.729093632243984     
 64800         49
   3.0137072610895057     
   2.0603443528440892     
   22.690914445149239     
 64800         49
   2.9550146666442889     
   1.9413291956390473     
   22.744731387431120     
 64800         49
   3.1378496505414222     
   1.7669507867334238     
   23.504718051774859     
 64800         49
   3.0109511796105548     
   1.5701886892720036     
   23.512807063155122     
 64800         49
   2.9927232887565793     
   2.0317013558443762     
   22.685414534650228     
 64800         49
   2.9502009410909458     
   1.9286790747606113     
   22.754262075502869     
 64800         49
   3.0589771352445423     
   2.1678797359291875     
   22.621493947568453     
 64800         49
   2.9864298882108971     
   2.0174684732011348     
   22.693811647145907     
 64800         49
   3.9891410867895112     
   2.1700519023076170     
   24.874069152463768     
 64800         49
   3.0557310369567228     
   1.5713722895554370     
   23.618959791981482     
 64800         49
   3.0342690077726915     
   1.8249579380373595     
   23.151368517944125     
 64800         49
   2.9711666086929593     
   1.9816717567514859     
   22.716442619248305     
 64800         49
   3.8489153630437922     
   2.0822572040127421     
   24.685575127365496     
 64800         49
   2.9622467228476017     
   1.9404241852609330     
   22.765577439236839     
